       				       		    		1111111111111111111111111
       				       		    		1000000000110000000000001
       				       		    		1011000001110000000000001
       				       		    		1001000000000000000000001
11111111111111111111111111111111111111111111111111111111111111111111111111111
11111111101100000111000000000000111111111111111111111111111111111111111111111111111111111111111
1000000000110000011100000000000001
111101111111110111000000100N111111
11110111111111011101010010001
11000000110101011100000010001
10000000000000001100000010001
10000000000000001101010010001
1100000111010101111101000000111
11110111 1110101 10111101000111
11111111 1111111 10000000000001
11111111 1111111 10000000000001
11111111 1111111 10000000000001
11111111 1111111 10000000000001
11111111 1111111 10000000000001
11111111 1111111 10000000000001
11111111 1111111 10000000000001
11111111 1111111 10000000000001
11111111 1111111 10000000000001
11111111 1111111 10000000000001
11111111 1111111 10000000000001
11111111 1111111 10000000000001
11111111 1111111 10000000000001
11111111 1111111 10000000000001
11111111 1111111 10000000000001
11111111 1111111 11111111111111